454
3	3	2	143	4	1	149	7	5	78	63	43	5	1	1	6	31	57	1	24	5	1	6	45	11	3	1	2	13	6	1	2	1	7	10	1	4	5	7	1	480	1	1	3	185	1	6	197	47	1	1	1	25	92	26	1	1	369	78	2	4	9	2	1	2	9	5	2	1	54	10	7	2	2	315	3	3	322	1	1	77	1	1	1	8	131	1	1	13	7	4	3	5	1	4	3	2	7	10	5	14	3	5	4	2	8	45	34	11	59	1	78	1	8	6	20	1	139	1	2	42	52	6	118	1	14	45	3	41	2	8	1	1	15	3	4	1	5	37	3	2	5	150	1	2	149	1	1	6	2	40	96	7	1	5	12	1	2	8	4	28	42	4	1	2	1	1	4	21	10	4	1	71	1	4	1	9	6	2	16	28	13	2	5	1	58	2	1	1	68	13	1	15	25	7	7	23	23	1	1	3	1	27	1	2	5	2	63	2	1	12	6	1	4	18	4	2	1	2	74	2	3	14	2	6	42	28	1	12	3	2	2	61	2	2	44	3	1	1	9	4	19	1	1	1	4	1	1	1	127	8	1	1	1	6	1	3	1	1	39	1	1	4	4	1	26	3	1	3	1	2	2	13	73	8	7	98	1	1	1	1	1	12	13	8	1	1	1	1	1	43	6	15	16	263	7	16	7	7	3	2	40	4	3	2	88	2	1	9	3	1	8	36	1	4	19	32	1	27	1	3	1	4	5	4	1	3	1	12	1	2	1	10	87	1	1	4	2	1	21	1	5	1	5	1	88	3	8	1	5	1	4	2	87	1	65	35	2	14	3	14	1	1	5	7	7	6	15	4	1	67	1	220	1	23	121	7	2	5	1	1	5	5	112	1	9	1	1	1	1	1	2	1	1	1	1	68	1	1	15	1	9	75	1	16	2	17	1	1	1	1	526	7	4	1	1	2	1	2	1	9	13	41	1	3	3	7	4	16	8	2	3	3	2	3	1	4	2	3	2	1	4	2	3	4	3	1	3	1	1	1	4	1	1	
361 126	360 127	362 125	
274 128	275 128	276 128	
336 128	336 129	
368 129	367 129	367 130	368 130	366 130	366 131	365 130	365 131	364 131	364 132	363 131	363 132	362 132	361 132	361 133	360 132	360 133	359 132	359 133	358 133	358 134	357 133	357 134	356 133	356 134	355 134	355 135	354 134	354 135	354 136	355 136	353 134	353 135	353 136	353 137	354 137	355 137	352 135	352 136	351 135	351 136	350 135	350 136	349 135	349 136	348 136	347 136	346 136	346 137	345 137	344 137	343 137	343 138	342 138	341 138	340 138	340 139	339 139	338 139	338 140	337 139	337 140	336 140	335 140	335 141	334 140	334 141	333 141	332 141	332 142	331 141	331 142	330 141	330 142	329 141	329 142	328 141	328 142	328 140	327 141	327 140	327 139	326 141	326 140	326 139	325 141	325 140	325 139	324 140	324 139	323 140	322 140	321 140	320 141	319 141	319 142	320 142	318 141	319 143	320 143	317 140	320 144	316 140	315 140	315 141	314 140	314 141	313 141	312 141	311 141	311 142	310 142	309 142	309 143	308 143	308 144	307 144	307 145	308 145	306 145	306 146	307 146	306 147	307 147	306 148	305 149	306 149	305 150	305 151	305 152	305 153	305 154	305 155	305 156	305 157	304 158	305 158	304 159	304 160	369 128	369 129	370 129	370 128	
263 132	263 133	263 134	263 135	
266 132	
286 134	285 134	285 135	284 135	284 136	283 136	283 137	282 137	282 138	281 138	281 139	280 139	280 140	279 140	279 141	278 140	278 141	278 142	277 141	277 142	276 142	276 143	275 142	275 143	274 143	274 144	273 143	273 144	272 144	271 144	271 145	270 145	270 146	269 146	268 146	268 147	267 147	267 148	266 148	265 149	264 149	264 150	263 150	263 148	262 150	262 151	262 149	261 150	261 151	261 152	260 151	260 152	259 152	259 153	258 153	257 153	257 154	256 154	256 155	255 155	255 156	254 156	254 157	253 157	253 158	252 158	251 158	251 159	250 159	250 160	249 159	249 160	248 160	247 161	246 161	245 161	245 162	244 162	244 163	243 163	243 164	242 163	242 164	242 162	241 163	241 164	241 165	240 163	240 164	240 166	239 164	239 167	240 167	238 165	238 168	239 168	237 165	238 169	237 170	287 133	287 134	288 134	288 133	289 134	289 133	290 134	290 133	291 134	291 133	292 135	292 134	292 133	292 136	293 135	293 134	293 137	294 135	294 134	293 138	294 138	294 137	295 136	295 135	295 134	293 139	294 139	295 138	295 137	296 136	296 135	296 134	293 140	297 136	297 135	298 136	299 136	300 137	300 136	300 138	301 136	301 139	302 137	302 136	303 137	304 137	305 138	305 137	306 137	307 138	
259 134	260 135	260 134	261 136	261 135	261 134	262 134	
369 135	370 134	370 135	371 135	371 134	
252 136	251 136	251 137	252 137	250 136	250 137	249 137	248 137	248 138	247 138	246 138	246 139	245 139	244 139	244 140	243 140	243 141	242 141	241 141	241 142	240 142	240 143	239 142	239 143	238 143	238 144	237 144	237 145	236 145	235 145	235 146	234 146	234 147	233 147	233 148	232 147	232 148	231 148	231 149	230 149	230 150	229 150	229 151	228 151	228 152	227 151	227 152	226 152	226 153	225 153	225 154	224 154	224 155	223 155	223 156	222 155	222 156	222 157	221 156	221 157	222 158	220 157	220 158	219 159	218 160	253 135	253 136	254 135	253 137	254 137	255 135	255 137	256 135	256 138	256 137	257 138	257 137	258 138	
356 136	356 137	357 136	356 138	357 138	358 136	356 139	357 139	358 139	359 136	357 140	358 140	359 140	360 137	358 141	359 141	360 141	360 140	361 137	359 142	360 142	361 142	362 137	360 143	361 143	363 137	361 144	362 144	364 137	361 145	362 145	365 137	362 146	366 137	362 147	363 147	367 137	362 148	363 148	363 149	364 149	363 150	364 150	364 151	364 152	365 152	364 153	365 153	365 154	365 155	366 155	366 156	366 157	367 157	367 158	368 158	368 157	367 159	369 159	369 158	368 160	369 160	370 160	
291 140	290 141	291 141	289 142	290 142	291 142	288 143	289 143	290 143	291 143	287 144	288 144	289 144	290 144	286 145	287 145	288 145	289 145	285 146	286 146	287 146	288 146	284 146	284 147	285 147	286 147	287 147	283 147	283 148	284 148	285 148	286 148	282 148	282 149	283 149	284 149	285 149	281 149	281 150	282 150	292 139	292 140	292 141	
328 139	329 139	330 139	331 139	332 139	
297 140	
302 141	
295 142	295 143	296 143	296 142	297 143	298 143	
335 143	335 144	335 145	335 146	335 147	335 148	335 149	334 150	335 150	334 151	334 152	334 153	334 154	334 155	333 156	334 156	333 157	334 157	333 158	333 159	332 160	333 160	332 161	332 162	331 163	332 163	330 164	336 142	336 143	337 142	336 144	
346 142	347 143	347 144	348 144	348 142	347 145	349 145	349 144	349 143	349 142	347 146	348 146	350 146	350 145	350 144	350 143	350 142	350 147	351 147	351 146	351 145	351 144	351 143	350 148	351 148	352 144	350 149	351 149	351 150	352 150	351 151	352 151	351 152	352 152	351 153	352 153	353 153	352 154	353 154	352 155	353 155	352 156	353 156	354 156	353 157	354 157	353 158	354 158	355 158	353 159	354 159	355 159	356 159	353 160	355 160	356 160	355 161	
325 143	
321 144	321 145	322 145	321 146	322 146	322 147	322 148	323 148	322 149	323 149	323 150	323 151	323 152	323 153	323 154	324 154	323 155	324 155	324 156	324 157	324 158	325 159	326 160	327 161	
277 146	278 147	278 148	279 149	279 150	
336 146	
341 149	340 149	340 150	339 149	339 150	342 148	
302 150	301 150	301 151	302 151	300 151	300 152	299 152	298 152	298 153	297 153	296 153	295 153	295 154	294 153	294 154	293 154	292 154	291 154	291 155	290 155	289 155	289 156	288 155	288 156	287 156	287 157	286 156	286 157	285 157	285 158	284 158	283 158	283 159	282 159	281 159	281 160	280 160	279 161	278 161	279 162	277 161	278 163	303 149	303 150	303 151	
270 151	271 152	271 153	272 153	272 152	271 154	273 153	273 152	271 155	274 153	274 152	
277 152	276 153	278 151	
284 151	
280 152	281 152	
300 154	300 155	301 153	301 154	302 153	301 155	302 155	303 153	301 156	302 156	301 157	301 158	302 159	
273 155	273 156	273 157	274 157	273 158	274 158	
275 155	
272 157	272 158	
300 157	
322 158	322 159	322 160	322 161	322 162	323 157	323 158	
271 159	271 160	271 161	272 161	271 162	273 162	273 161	273 160	274 162	274 160	
363 159	
268 160	269 161	269 162	270 162	
264 161	265 162	265 163	266 163	267 162	
305 161	305 162	306 162	305 163	306 163	306 164	307 164	
364 161	
379 163	378 163	377 163	376 163	375 163	374 164	373 164	372 164	372 165	371 165	370 165	369 165	369 166	368 166	367 166	366 167	365 167	365 168	364 167	364 168	364 169	365 169	363 168	363 169	362 168	362 169	361 168	361 169	360 169	359 169	359 170	358 169	358 170	357 169	357 170	356 169	356 170	355 169	355 170	354 169	354 170	353 169	353 170	352 170	351 170	350 170	349 170	348 170	347 170	346 171	345 171	344 171	343 171	342 171	341 171	340 171	339 171	338 171	337 171	336 171	335 171	335 172	334 171	334 172	333 172	332 172	331 172	330 172	329 172	328 172	327 172	327 171	326 172	326 171	325 172	325 171	324 171	323 171	322 171	321 171	320 171	319 171	318 171	317 171	316 171	315 171	314 171	313 171	312 172	311 172	310 172	309 172	308 173	307 173	306 173	305 173	305 174	304 173	304 174	303 173	303 174	302 173	302 174	301 174	300 174	299 174	298 174	297 174	296 174	295 174	294 174	293 174	292 174	291 174	290 174	289 174	288 174	287 174	286 174	285 174	284 174	283 174	282 174	281 174	280 174	280 175	279 175	278 175	277 175	276 175	275 175	274 175	274 176	273 175	273 176	272 175	272 176	271 175	271 176	270 175	270 176	269 175	268 175	268 176	267 175	267 176	267 174	266 175	266 176	266 174	265 175	265 174	264 175	264 174	263 175	263 174	262 175	262 174	261 174	260 174	259 174	258 174	257 174	257 175	256 174	256 175	255 174	255 175	254 175	253 175	252 175	251 175	251 174	250 175	250 174	249 175	249 174	248 175	248 174	247 174	246 174	245 174	244 174	243 174	242 174	241 174	241 173	240 174	240 173	239 173	238 173	237 173	236 173	235 173	234 173	233 173	232 173	231 173	231 172	230 173	230 172	229 173	229 172	228 173	228 172	227 173	227 172	226 172	225 172	224 172	223 172	222 172	222 173	221 173	220 173	219 173	218 173	217 173	216 173	215 173	214 173	213 173	212 173	211 173	210 173	209 173	208 173	207 173	206 173	205 173	204 173	203 173	202 173	201 173	200 173	199 173	198 173	197 173	196 173	195 173	194 173	193 173	192 173	191 173	190 173	189 173	188 173	188 174	187 173	187 174	186 174	185 174	184 174	183 174	182 174	181 174	180 174	179 174	178 174	177 174	176 174	175 174	175 175	174 175	173 175	172 175	171 175	170 175	169 175	168 175	167 175	166 175	165 175	164 175	164 176	163 176	162 176	161 176	160 176	159 176	158 176	158 177	157 176	157 177	156 176	156 177	155 177	154 177	153 177	152 177	151 177	150 177	149 177	149 178	148 178	147 178	146 178	145 178	144 178	143 178	143 179	142 178	142 179	141 179	140 179	139 179	138 179	137 179	137 180	136 180	135 180	134 180	133 180	132 180	132 181	131 181	130 181	129 181	128 181	127 181	127 182	126 182	125 182	124 182	123 182	122 182	122 183	121 183	120 183	119 183	118 183	117 183	117 184	116 184	115 184	114 184	113 184	112 184	112 185	111 185	110 185	109 185	108 185	108 186	107 186	106 186	105 186	104 187	103 187	102 187	101 188	100 188	99 189	98 189	98 190	97 190	96 190	96 191	95 191	95 192	94 191	94 192	94 193	93 192	93 193	93 194	92 192	92 194	92 195	91 193	91 195	91 196	90 193	90 196	90 197	89 193	89 194	89 197	89 198	88 194	88 198	88 199	87 199	87 200	86 199	86 200	86 201	85 200	85 201	84 201	84 202	83 202	83 203	82 203	82 204	81 204	81 205	80 205	80 206	79 206	79 207	78 207	78 208	77 208	77 209	76 209	76 210	75 209	75 210	75 211	74 210	74 211	74 212	73 211	73 213	72 211	72 212	72 213	71 212	71 213	71 214	70 213	70 214	70 215	69 214	69 216	68 214	68 215	68 217	67 215	67 216	66 216	65 216	65 217	64 217	63 217	63 218	62 218	61 218	61 219	60 219	59 219	58 219	58 220	57 220	56 220	55 220	55 221	54 221	53 221	52 221	51 221	51 222	50 222	49 222	48 222	47 222	46 222	45 222	44 222	43 222	42 222	41 221	40 220	380 162	380 163	381 163	381 162	382 162	383 162	384 162	385 162	386 162	387 162	388 162	389 163	389 162	390 164	390 163	391 163	
264 164	
267 165	
262 167	263 168	263 167	
412 168	411 168	410 168	409 168	408 168	407 168	406 168	405 168	405 169	404 169	403 169	402 169	401 169	400 169	399 169	398 169	398 170	397 169	397 170	396 170	395 170	394 170	393 170	392 170	392 171	391 170	391 171	390 170	390 171	389 170	389 171	388 170	388 171	387 170	387 171	386 170	386 171	385 170	385 171	384 170	384 171	383 170	383 171	382 170	382 171	381 170	380 170	413 167	413 168	414 167	415 167	416 167	417 167	418 167	419 167	420 167	421 167	422 167	423 167	424 167	425 167	426 167	427 167	428 167	429 167	430 167	431 167	432 167	433 167	434 167	435 167	436 167	437 167	438 167	439 167	440 167	441 167	442 167	443 167	444 167	445 167	446 167	447 168	447 167	448 168	448 167	449 168	450 168	451 168	452 169	452 168	453 169	454 169	455 170	455 169	456 170	457 170	458 170	459 171	459 170	460 171	461 172	461 171	462 172	463 172	464 173	465 174	465 175	466 175	466 174	466 176	467 176	467 175	467 177	468 177	468 176	468 178	469 178	469 177	469 179	470 179	470 178	471 180	471 179	472 181	472 180	472 182	473 182	473 181	473 183	474 183	474 182	474 184	475 184	475 183	475 185	476 185	476 184	476 186	477 186	477 185	477 187	478 187	478 188	479 188	479 189	480 189	480 190	481 190	481 191	482 191	482 192	483 192	483 193	484 193	483 194	484 194	484 195	485 195	485 196	485 197	486 197	486 198	486 199	486 200	487 200	487 201	487 202	487 203	487 204	487 205	487 206	487 207	487 208	487 209	487 210	487 211	487 212	487 213	487 214	487 215	487 216	487 217	487 218	487 219	
274 169	
366 169	367 169	368 169	369 169	370 169	371 170	
115 171	114 171	113 171	112 171	111 171	110 171	109 171	108 171	107 171	106 171	105 171	105 172	104 171	104 172	103 171	103 172	102 171	102 172	101 171	101 172	100 171	100 172	99 172	98 172	97 172	96 172	95 172	94 172	93 172	92 172	91 172	90 172	89 172	88 172	87 172	86 172	85 172	84 172	83 172	82 172	81 172	80 172	79 172	78 172	77 172	76 172	75 172	74 172	73 172	72 172	71 172	70 172	69 172	68 172	67 172	66 172	65 172	64 172	63 172	62 172	61 172	60 172	59 172	58 172	57 172	56 172	55 172	54 172	53 172	53 173	52 172	52 173	51 172	51 173	50 172	50 173	49 172	49 173	48 172	48 173	47 172	47 173	46 172	46 173	45 172	45 173	44 172	44 173	43 172	43 173	42 172	42 173	41 172	41 173	40 172	40 173	39 172	39 173	38 172	38 173	37 172	37 173	36 172	36 173	35 172	35 173	34 172	34 173	33 172	33 173	32 172	32 173	31 172	31 173	30 172	30 173	29 172	29 173	28 172	28 173	27 172	27 173	26 172	26 173	25 172	25 173	24 172	24 173	23 172	23 173	22 172	22 173	21 172	21 173	20 172	20 173	19 172	19 173	18 172	18 173	17 172	17 173	16 172	16 173	15 172	15 173	14 172	14 173	13 172	13 173	12 172	12 173	11 172	11 173	10 172	10 173	9 172	9 173	8 172	8 173	7 173	6 173	5 173	4 173	4 174	3 173	3 174	2 173	2 174	1 173	1 174	0 173	0 174	0 175	116 170	116 171	117 171	117 170	118 171	118 170	119 171	119 170	120 171	120 170	121 171	121 170	122 171	122 170	123 171	123 170	124 171	124 170	125 171	125 170	126 171	127 171	128 171	
466 170	467 170	468 170	469 170	470 170	471 170	472 170	473 170	474 170	475 170	476 170	477 170	478 170	479 170	480 170	481 170	482 170	483 170	484 170	485 170	486 170	487 170	488 171	488 170	489 171	489 170	490 171	490 170	491 171	491 170	492 171	492 170	493 171	493 170	494 171	494 170	495 171	495 170	496 171	496 170	497 171	497 170	498 171	498 170	499 172	499 171	499 170	
231 171	
267 173	
410 180	
412 182	411 182	410 182	409 182	408 182	408 183	407 182	407 183	406 182	406 183	405 184	413 181	414 181	415 181	416 182	416 181	417 183	417 182	417 184	418 184	418 183	418 182	419 184	419 183	420 184	
366 183	365 184	366 184	364 184	363 184	363 185	362 185	361 185	361 186	360 186	359 186	358 186	358 187	357 186	356 186	356 185	355 186	355 185	354 186	354 185	353 186	353 185	352 185	351 185	350 185	349 185	348 185	347 185	347 186	346 186	345 186	344 186	343 186	342 186	342 187	341 187	340 187	339 187	338 187	338 188	337 188	336 188	335 188	334 189	333 189	332 190	331 190	331 191	330 191	329 191	328 191	327 192	326 192	325 192	325 193	324 193	323 193	322 193	322 194	321 194	320 194	319 195	318 195	317 196	316 196	315 196	314 196	313 197	312 197	311 197	310 197	309 197	308 197	308 196	307 197	307 196	306 197	306 196	305 197	305 196	304 197	304 196	303 197	303 196	302 197	302 196	301 196	367 182	367 183	368 183	368 182	369 182	
373 183	374 182	375 182	376 183	376 184	377 184	376 185	377 185	378 185	378 184	377 186	379 185	377 187	380 185	381 185	381 184	382 185	382 184	383 186	383 185	383 184	384 186	384 185	385 186	386 187	387 187	
393 182	
395 183	
438 184	437 184	436 184	436 185	435 185	434 185	433 185	433 186	432 186	431 186	431 187	430 187	430 188	429 187	429 188	429 189	428 188	428 189	428 190	427 189	427 190	427 191	426 190	426 191	426 192	425 191	425 192	425 193	424 192	424 193	424 194	423 193	423 194	423 195	422 194	422 195	422 196	421 196	421 197	420 197	420 198	421 198	419 199	420 199	418 200	419 200	420 200	418 201	419 201	418 202	419 202	418 203	417 204	418 204	417 205	418 205	417 206	416 207	417 207	416 208	417 208	416 209	415 210	416 210	415 211	416 211	415 212	416 212	415 213	415 214	414 215	415 215	414 216	415 216	414 217	414 218	414 219	413 220	414 220	413 221	414 221	413 222	413 223	412 224	413 224	412 225	413 225	412 226	413 226	412 227	412 228	411 229	412 229	411 230	412 230	411 231	411 232	410 233	411 233	410 234	411 234	409 235	410 235	408 235	408 236	409 236	410 236	407 236	407 237	408 237	409 237	410 237	406 237	406 238	409 238	405 237	405 238	409 239	404 238	403 238	403 239	402 239	401 239	400 239	400 240	399 239	399 240	398 240	397 240	396 240	395 240	394 240	394 241	393 240	393 241	392 240	392 241	391 240	391 241	390 241	389 241	388 241	387 241	386 241	385 241	384 241	384 240	383 241	383 240	382 241	382 240	381 241	381 240	380 241	380 240	379 240	378 240	377 240	376 240	375 240	375 241	374 240	374 241	373 240	373 241	372 241	371 241	370 241	369 242	368 242	367 242	366 242	365 242	365 243	364 242	364 243	363 243	362 243	361 243	360 243	359 243	359 244	358 243	358 244	357 243	357 244	356 244	355 244	354 244	353 244	352 244	351 244	351 245	350 244	349 244	348 244	347 244	346 244	346 245	345 245	344 245	343 245	342 245	342 246	341 245	341 246	340 245	340 246	339 245	339 246	339 247	338 246	338 247	337 246	337 247	336 246	336 247	335 246	335 247	335 248	334 246	334 247	334 248	333 246	333 247	333 248	332 247	331 247	331 248	330 248	329 248	328 249	327 249	326 249	326 250	325 250	324 250	324 251	323 251	323 252	322 252	322 253	321 253	321 254	320 254	320 255	319 256	320 256	319 257	318 258	319 258	318 259	317 260	318 260	317 261	317 262	439 183	439 184	440 184	440 183	441 184	441 183	442 184	442 183	443 184	443 183	444 184	444 183	445 184	445 183	446 184	446 183	447 184	448 184	449 184	450 185	450 184	451 185	451 184	452 185	453 186	453 185	454 186	455 187	455 186	456 188	456 187	456 186	457 189	457 188	457 187	458 190	458 189	458 188	459 190	459 189	460 191	460 190	461 192	461 191	461 190	462 193	462 192	462 191	463 194	463 193	463 192	464 195	464 194	464 193	465 196	465 195	465 194	465 197	466 197	466 196	466 195	467 198	467 197	467 199	468 199	468 198	468 200	469 200	469 199	469 201	470 201	470 200	470 202	471 202	471 201	470 203	471 203	472 203	471 204	472 204	471 205	472 205	472 206	473 206	472 207	473 207	472 208	473 208	473 209	474 209	473 210	474 210	474 211	474 212	475 212	474 213	475 213	475 214	475 215	476 215	475 216	476 216	476 217	476 218	476 219	477 219	477 220	477 221	477 222	478 222	478 223	478 224	478 225	
265 185	264 186	265 186	263 186	263 187	262 187	261 187	260 187	259 187	258 187	258 188	257 187	257 188	256 187	256 188	255 187	255 188	254 187	254 188	253 187	253 188	252 187	252 188	251 188	250 188	249 188	248 188	247 189	246 189	245 189	244 189	244 190	243 190	242 190	242 189	241 189	240 189	240 190	240 188	239 189	239 190	238 188	237 188	237 189	236 189	235 189	234 189	233 189	232 189	232 190	231 190	230 190	229 190	229 191	228 191	228 192	227 192	226 192	226 193	225 192	225 193	224 192	224 193	223 193	223 194	222 193	222 194	221 194	221 195	220 195	220 196	219 195	219 196	218 196	217 196	266 184	266 185	266 186	
374 184	375 184	
156 185	156 186	157 186	156 187	
307 185	308 185	309 186	309 185	310 186	311 187	311 186	312 187	313 187	
460 186	461 186	
490 186	
154 187	154 188	
210 187	210 188	211 188	210 189	211 189	212 188	210 190	211 190	210 191	
491 188	490 188	489 188	492 187	492 188	
3 188	3 189	
219 188	
360 188	360 189	361 189	360 190	362 190	362 189	361 191	362 191	363 191	363 190	361 192	362 192	363 192	364 192	362 193	365 193	365 192	363 194	365 194	366 194	366 193	366 192	364 195	364 194	365 195	366 195	367 194	368 194	369 194	369 193	370 194	370 193	371 194	371 193	372 193	373 193	373 192	374 193	374 192	375 192	376 192	376 191	377 192	377 191	378 192	378 191	378 190	379 192	379 191	379 190	380 192	380 191	381 193	381 192	
49 189	49 190	50 190	50 191	51 191	51 190	51 192	52 191	52 190	52 193	
208 190	207 191	208 191	206 191	208 192	209 189	209 190	
389 189	390 190	
47 190	48 191	
396 191	395 191	394 191	394 192	393 191	393 192	392 192	391 192	390 192	390 193	389 193	388 193	388 194	387 194	387 195	388 195	386 194	386 195	386 196	387 196	385 197	386 197	385 198	384 199	385 199	384 200	383 201	384 201	383 202	382 203	383 203	382 204	381 205	382 205	380 206	381 206	380 207	381 207	379 208	380 208	379 209	378 210	379 210	377 211	378 211	376 212	377 212	378 212	376 213	377 213	375 214	376 214	377 214	374 215	375 215	376 215	373 216	374 216	375 216	372 217	373 217	374 217	375 217	371 218	372 218	371 216	373 218	375 218	370 219	371 219	372 219	370 216	370 215	374 219	369 220	370 220	371 220	369 216	369 215	373 220	374 220	368 221	369 221	370 221	371 221	368 216	368 215	373 221	368 222	369 222	370 222	367 215	367 214	373 222	366 214	366 213	365 214	365 213	365 212	364 213	364 212	363 213	363 212	362 213	362 212	361 213	361 212	360 213	360 212	359 213	359 212	358 213	358 212	357 213	357 212	356 212	355 212	354 212	353 212	352 212	351 212	350 212	349 212	348 212	347 212	346 212	346 213	345 212	345 213	344 212	344 213	343 213	342 213	341 213	341 214	340 213	340 214	339 214	338 214	337 214	336 214	336 215	335 214	335 215	334 215	333 215	332 215	331 215	330 215	329 215	329 216	328 215	328 216	327 216	326 216	325 216	324 216	323 216	322 216	321 216	320 216	319 216	318 216	317 216	317 217	316 216	315 216	314 216	313 216	312 216	311 216	310 216	310 217	309 216	309 217	308 216	308 217	307 216	307 217	306 216	306 217	305 216	305 217	304 217	303 217	302 217	302 218	301 217	301 218	300 218	299 218	298 218	298 219	297 218	297 219	296 218	296 219	295 218	295 219	295 217	294 218	294 219	294 217	293 218	293 219	292 218	292 219	291 218	290 218	289 218	288 218	287 218	287 219	286 218	286 219	286 217	285 218	285 219	284 219	283 219	282 219	281 219	281 220	280 219	280 220	279 219	279 220	278 220	277 220	276 220	275 220	274 220	273 220	272 220	271 220	270 220	269 220	268 220	267 220	266 220	265 220	264 220	263 220	262 220	261 220	260 220	259 220	258 220	257 220	256 220	255 220	254 220	253 220	252 220	251 220	251 221	250 220	250 221	249 220	249 221	248 220	248 221	247 220	247 221	246 220	246 221	245 220	245 221	244 221	244 222	243 221	243 222	242 222	241 222	240 222	239 222	239 223	238 222	238 223	238 221	238 224	237 224	237 225	236 226	237 226	236 227	237 227	235 228	236 228	234 229	235 229	233 229	235 230	397 190	397 191	398 191	398 190	399 192	399 191	400 193	400 192	400 191	400 190	401 194	401 193	401 192	401 191	402 195	402 194	402 192	402 191	403 196	403 195	403 197	403 198	
470 190	471 191	472 190	
44 193	43 193	45 192	
167 193	166 193	165 193	165 194	164 193	164 194	163 193	163 194	162 194	161 194	161 195	160 194	160 195	159 194	159 195	158 195	157 195	157 196	156 195	156 196	155 196	154 196	153 196	153 197	152 196	152 197	151 197	150 197	150 198	149 198	148 198	148 199	147 198	147 199	146 199	146 200	145 199	145 200	144 199	144 200	144 201	143 200	143 201	142 201	142 202	141 201	141 202	141 203	140 202	140 203	139 203	139 204	138 203	138 204	138 205	137 204	137 205	137 206	136 205	136 206	135 206	135 207	134 207	134 208	133 207	133 208	133 209	132 208	132 209	132 210	131 209	131 210	131 211	130 211	130 212	131 212	129 212	129 213	130 213	128 212	128 214	129 214	128 215	129 215	127 216	128 216	126 217	127 217	125 218	126 218	127 218	125 219	126 219	125 220	126 220	124 221	125 221	124 222	125 222	124 223	123 224	124 224	123 225	122 226	123 226	122 227	123 227	122 228	121 229	122 229	121 230	122 230	121 231	120 232	121 232	120 233	121 233	120 234	120 235	120 236	120 237	119 238	120 238	119 239	120 239	119 240	119 241	119 242	119 243	118 244	119 244	118 245	119 245	118 246	119 246	118 247	119 247	118 248	119 248	118 249	119 249	118 250	119 250	118 251	119 251	118 252	119 252	118 253	119 253	118 254	119 254	119 255	119 256	119 257	119 258	119 259	119 260	119 261	119 262	168 192	168 193	169 193	169 192	170 192	171 192	172 192	173 192	174 192	175 192	176 192	177 192	178 192	179 192	180 193	181 193	182 193	183 193	184 193	185 194	185 193	186 194	187 194	188 194	189 195	189 194	190 195	191 195	192 196	192 195	193 196	194 197	194 196	195 197	195 196	196 198	196 197	197 198	197 197	198 199	198 198	199 199	199 198	200 200	200 199	201 201	201 200	201 199	202 202	202 201	202 200	203 203	203 202	203 201	204 204	204 203	204 202	204 201	205 204	205 203	205 202	206 205	206 204	207 206	207 205	208 207	208 206	208 205	209 208	209 207	209 206	210 209	210 208	210 207	211 210	211 209	211 211	212 211	212 210	212 212	213 212	213 211	213 213	214 213	214 212	214 214	215 214	215 213	215 215	216 215	216 216	217 216	216 217	217 217	217 218	218 218	218 219	219 219	218 220	219 220	219 221	220 221	219 222	220 222	220 223	221 223	220 224	221 224	221 225	221 226	222 226	222 227	222 228	223 228	222 229	223 229	223 230	223 231	223 232	224 232	223 233	224 233	224 234	224 235	224 236	225 236	224 237	225 237	225 238	225 239	225 240	226 240	225 241	226 241	225 242	226 242	226 243	226 244	226 245	227 245	226 246	227 246	226 247	227 247	227 248	227 249	227 250	227 251	227 252	227 253	227 254	228 254	227 255	228 255	227 256	228 256	227 257	228 257	227 258	228 258	227 259	227 260	228 260	
209 192	
41 193	
448 194	447 194	447 195	448 195	446 195	446 196	447 196	448 196	445 195	445 196	444 195	444 196	443 195	443 196	442 196	441 196	440 196	440 197	439 196	439 197	439 195	438 196	438 197	438 195	437 196	437 197	437 198	436 196	436 197	436 198	435 197	435 198	435 199	434 197	434 198	434 199	433 198	433 199	433 200	432 199	432 200	431 199	431 200	431 201	430 200	430 201	430 202	429 201	429 202	429 203	428 202	428 203	428 204	449 193	449 194	449 195	450 195	449 196	450 196	451 196	451 195	452 196	453 197	453 196	454 197	454 196	455 197	456 198	456 197	457 198	457 197	458 198	459 199	459 198	460 199	461 200	461 199	
440 194	
497 194	
41 195	
373 195	374 195	375 196	375 195	376 197	376 196	377 197	377 196	
76 197	75 197	75 198	74 197	74 198	73 198	72 198	72 199	71 198	71 199	70 199	69 199	69 200	68 199	68 200	67 200	66 200	66 201	65 200	65 201	64 201	63 201	63 202	62 202	61 202	61 203	60 203	59 203	59 204	58 204	57 204	56 205	55 205	54 205	54 206	53 206	53 207	52 206	52 207	51 207	51 208	50 207	50 208	49 208	48 208	48 209	47 209	46 209	46 210	45 210	45 211	44 210	44 211	43 211	43 212	42 211	42 212	41 212	41 213	40 213	39 213	39 214	38 214	37 214	37 215	36 215	36 216	35 215	35 216	35 217	34 215	34 216	33 216	33 217	32 217	32 218	31 218	31 219	30 218	30 219	29 219	29 220	28 220	28 221	27 221	27 222	26 222	26 223	25 223	25 224	24 224	24 225	23 225	23 226	22 225	22 226	22 227	21 227	21 228	20 228	20 229	19 229	19 230	18 230	18 231	17 232	18 232	16 233	17 233	16 234	15 235	15 236	15 237	15 238	15 239	15 240	15 241	15 242	15 243	15 244	77 196	77 197	78 197	78 196	79 197	79 196	80 197	80 196	81 197	81 196	82 197	
86 196	
215 196	
370 196	371 197	372 198	372 197	373 198	374 199	374 198	375 200	375 199	376 201	376 200	376 202	377 201	
225 197	225 198	226 198	226 197	225 199	226 199	225 200	
402 197	402 198	402 199	402 200	
3 199	4 198	5 198	
21 198	22 198	23 198	24 198	25 198	
8 199	
13 199	14 199	15 199	16 199	
224 199	224 200	224 201	
474 199	475 199	
217 201	218 200	218 201	219 201	219 200	218 202	220 200	
240 200	240 201	240 202	240 203	240 204	240 205	240 206	240 207	240 208	240 209	
401 200	401 201	401 202	402 202	401 203	
354 202	353 202	353 203	354 203	352 202	352 203	352 204	353 204	351 204	355 201	355 202	356 202	356 201	357 201	
245 202	245 203	245 204	
309 202	309 203	310 203	310 202	309 204	
400 202	400 203	400 204	400 205	
407 202	408 203	
226 203	226 204	226 205	226 206	226 207	226 208	226 209	226 210	
441 204	440 205	441 205	439 205	439 206	440 206	438 205	438 206	440 207	437 206	437 207	436 206	436 207	442 203	442 204	443 204	443 203	444 204	445 204	445 203	446 204	446 203	447 204	447 203	448 205	448 204	449 205	449 204	450 205	450 204	451 206	451 205	451 204	451 207	452 207	452 206	452 205	452 204	452 208	453 205	453 204	453 203	452 209	454 204	455 204	
464 203	464 204	465 204	464 205	464 206	465 206	465 207	465 208	466 208	465 209	466 209	465 210	466 210	466 211	466 212	467 213	467 214	468 214	468 213	468 212	467 215	468 215	467 216	468 216	468 217	468 218	468 219	469 219	468 220	469 220	468 221	469 221	469 222	469 223	
481 204	480 205	481 205	479 206	480 206	481 206	479 207	479 208	482 203	482 204	483 203	
23 205	22 205	22 206	23 206	21 205	21 206	20 205	20 206	19 205	19 206	18 205	18 206	17 205	17 206	16 205	16 206	15 205	15 206	14 205	14 206	14 207	13 205	13 207	12 207	11 207	11 206	10 207	9 206	8 206	8 207	7 206	7 207	6 206	6 207	5 206	5 207	4 207	3 207	2 207	2 208	1 207	1 208	24 204	24 205	25 205	25 204	24 206	25 206	26 206	26 205	26 204	26 207	27 207	27 205	27 204	27 208	28 205	28 204	29 204	
259 204	
398 205	398 206	397 207	398 207	396 208	397 208	395 209	396 209	394 210	395 210	393 211	394 211	392 212	393 212	391 213	392 213	390 214	391 214	389 214	389 215	390 215	388 215	388 216	389 216	387 216	387 217	388 217	386 217	386 218	387 218	385 218	385 219	386 219	384 219	384 220	385 220	383 220	383 221	382 220	382 221	381 221	381 222	380 221	380 222	381 223	379 222	379 223	380 224	378 222	378 223	379 224	377 223	377 224	376 223	376 224	375 224	375 222	375 225	374 224	374 225	374 226	373 225	373 226	373 227	374 227	372 226	372 227	372 228	373 228	374 228	371 229	372 229	373 229	370 229	370 230	399 204	399 205	399 206	
99 205	
306 205	306 206	307 206	307 207	308 207	308 206	308 205	308 208	
430 206	431 205	431 206	432 206	432 207	433 208	
498 206	497 207	498 207	496 208	497 208	498 208	495 208	495 209	496 209	497 209	498 209	494 208	494 209	496 210	497 210	498 210	496 211	497 211	498 211	499 205	
166 206	
168 206	169 207	169 208	170 208	170 207	171 209	171 208	171 207	172 209	172 208	172 207	173 209	173 208	173 207	174 209	174 208	174 207	175 209	175 208	175 207	176 209	176 208	176 207	177 209	177 208	177 206	178 209	178 208	178 206	179 209	179 208	179 206	180 209	180 208	180 206	181 209	181 208	181 207	182 209	182 207	183 210	183 209	184 210	184 209	185 210	186 211	186 210	187 211	187 210	188 211	189 212	189 211	190 212	191 213	191 212	192 213	192 212	193 214	193 213	194 215	194 214	194 213	195 216	195 215	195 214	196 216	196 215	197 217	197 216	197 215	198 218	198 217	198 216	199 219	199 218	199 217	200 220	200 219	200 218	201 221	201 220	201 219	202 222	202 221	202 220	203 223	203 222	203 221	204 224	204 223	204 222	205 225	205 224	205 226	206 226	206 225	206 227	207 227	206 228	207 228	207 229	208 229	207 230	208 230	208 231	208 232	209 232	209 233	209 234	209 235	210 235	210 236	210 237	210 238	211 238	210 239	211 239	210 240	211 240	210 241	211 241	210 242	211 242	210 243	211 243	210 244	211 244	211 245	211 246	211 247	211 248	211 249	211 250	211 251	211 252	211 253	211 254	211 255	211 256	
402 206	
99 207	100 208	
119 208	118 208	118 209	119 209	117 208	117 209	116 208	116 209	115 208	115 209	114 208	114 209	113 208	113 209	112 208	112 209	111 209	110 209	109 209	108 209	108 210	107 210	106 210	106 209	105 210	105 211	104 211	104 212	105 212	103 213	104 213	104 214	120 207	120 208	121 208	121 207	121 209	122 209	122 208	122 207	123 210	123 208	
441 207	441 208	442 208	442 207	441 209	442 209	443 209	441 210	442 210	443 210	444 210	442 211	443 211	444 211	443 212	444 212	444 213	445 213	444 214	445 214	446 214	446 213	446 212	444 215	447 215	447 213	447 212	447 211	447 216	448 216	448 215	448 212	448 211	447 217	448 217	449 217	449 216	449 212	449 211	449 210	448 218	449 218	450 211	450 210	449 219	451 211	451 210	451 209	450 220	452 212	452 213	452 214	
499 207	499 208	499 209	499 210	499 211	499 212	
164 209	163 209	163 210	162 209	162 210	161 210	160 210	160 211	159 210	159 211	158 210	158 211	157 211	157 212	156 211	156 212	155 212	155 213	154 212	154 213	153 213	153 214	152 213	152 214	151 214	151 215	150 214	150 215	149 215	149 216	148 216	148 217	147 216	147 217	147 218	146 217	146 218	146 219	145 218	145 219	145 220	144 219	144 220	144 221	143 220	143 221	143 222	142 221	142 222	142 223	141 222	141 223	141 224	140 224	140 225	141 225	140 226	139 227	140 227	139 228	140 228	138 229	139 229	138 230	139 230	138 231	139 231	138 232	139 232	137 233	138 233	137 234	138 234	137 235	138 235	137 236	138 236	136 237	137 237	136 238	137 238	136 239	137 239	136 240	137 240	136 241	136 242	136 243	136 244	135 245	136 245	135 246	136 246	135 247	136 247	135 248	136 248	135 249	136 249	135 250	136 250	135 251	136 251	135 252	136 252	135 253	136 253	136 254	136 255	136 256	136 257	165 208	165 209	166 209	166 208	167 209	167 208	168 208	
225 208	
239 208	239 209	239 210	239 211	239 212	239 213	239 214	239 215	239 216	239 217	239 218	240 218	239 219	239 220	
258 210	257 210	257 211	256 210	256 211	255 211	254 212	259 209	259 210	260 210	260 209	261 210	261 209	262 209	263 209	264 210	264 209	265 210	265 209	266 210	266 209	267 210	268 211	268 210	269 211	269 210	270 210	270 209	271 210	271 209	272 210	272 209	273 210	273 209	274 210	274 209	275 211	275 210	276 209	277 210	277 209	278 210	278 209	279 211	279 210	
309 210	309 211	310 209	
430 209	430 210	431 211	432 212	433 211	434 212	434 211	434 210	434 213	435 213	434 214	435 214	434 215	435 215	434 216	435 216	434 217	435 217	435 218	435 219	435 220	436 220	437 220	437 219	438 219	438 218	439 219	439 218	439 217	440 218	440 217	440 216	441 217	441 216	442 218	442 216	442 215	443 217	443 216	443 215	443 214	
439 209	440 209	
454 209	454 210	455 210	455 209	454 211	455 211	456 211	455 212	
436 210	
109 211	
460 212	459 212	459 213	460 213	458 212	458 213	458 214	459 214	457 214	457 215	459 215	456 216	457 216	461 211	461 212	
97 213	98 212	98 213	
366 212	367 212	368 213	369 213	
413 213	
430 213	430 214	431 214	430 215	431 215	
111 215	110 215	110 216	111 216	109 216	109 217	110 217	111 217	108 216	108 217	108 218	107 216	107 217	107 215	107 218	106 217	106 215	106 218	105 217	105 218	105 215	104 217	104 218	103 218	102 218	101 218	101 219	101 217	100 219	99 220	98 220	98 221	97 222	112 214	113 214	114 215	114 214	
124 214	124 215	125 215	
371 214	371 215	
1 215	1 216	2 217	2 218	2 219	
171 215	171 216	172 215	173 216	173 215	174 216	175 216	176 216	176 215	177 217	177 216	177 215	178 217	178 216	178 215	179 217	179 216	179 215	180 217	180 216	180 215	181 217	181 216	181 215	182 217	182 216	182 215	183 218	183 217	183 216	184 218	184 217	185 219	185 218	185 217	186 219	186 218	187 220	187 219	187 218	187 221	188 221	188 220	188 219	188 222	189 222	189 221	189 220	189 223	190 223	190 222	190 221	190 219	189 224	190 224	191 224	191 223	191 222	191 221	189 225	190 225	192 225	192 224	192 223	192 220	189 226	191 226	192 226	193 226	193 225	193 224	193 222	190 227	191 227	193 227	194 227	194 226	194 221	194 228	195 228	195 227	195 229	195 230	196 230	196 231	197 231	196 232	197 232	198 232	196 233	197 233	198 233	199 233	196 234	197 234	198 234	200 234	200 232	196 235	197 235	198 235	199 235	200 235	201 232	199 236	200 236	201 236	199 237	200 237	201 237	199 238	200 238	201 238	202 238	200 239	201 239	202 239	200 240	201 240	202 240	203 240	200 241	201 241	202 241	203 241	204 240	204 239	201 242	202 242	205 238	201 243	202 243	201 244	202 244	201 245	202 245	201 246	202 246	201 247	202 247	201 248	202 248	201 249	202 249	201 250	202 250	201 251	202 251	202 252	202 253	
411 215	
112 216	113 216	
166 216	167 217	167 218	168 218	168 217	168 219	169 219	169 217	168 220	169 220	170 217	169 221	170 221	170 222	171 222	170 223	171 223	172 223	171 224	173 224	173 223	172 225	174 224	174 223	175 225	175 224	176 225	176 224	177 226	177 225	177 227	178 227	178 226	178 225	178 228	179 228	179 227	179 226	179 229	180 229	180 228	180 227	180 226	180 230	181 230	181 228	181 227	181 231	182 230	182 229	182 228	182 227	181 232	182 232	183 230	183 229	183 227	183 232	184 230	184 229	184 232	185 229	185 228	186 229	186 228	187 230	187 228	187 227	187 231	188 227	188 226	187 232	187 233	187 234	188 234	187 235	188 235	187 236	188 237	189 237	190 237	191 238	191 237	192 239	192 238	192 237	192 236	192 240	193 239	193 238	193 236	193 235	192 241	194 236	194 235	194 234	192 242	195 235	195 234	195 233	192 243	192 244	192 245	192 246	193 246	192 247	193 247	192 248	193 248	192 249	193 249	192 250	193 250	194 250	192 251	193 251	194 251	193 252	194 252	195 252	194 253	195 253	196 253	194 254	195 254	196 254	197 254	195 255	196 255	197 255	198 255	198 254	198 253	196 256	197 256	198 256	199 256	199 255	199 254	199 253	199 252	200 256	200 255	200 253	200 252	201 256	202 256	203 256	204 257	
425 216	
428 216	
486 216	486 217	486 218	486 219	486 220	486 221	
437 218	438 217	
163 219	162 219	162 220	163 220	161 219	161 221	162 221	160 220	160 221	160 222	161 222	159 220	159 221	159 223	158 221	158 222	158 223	158 224	159 224	157 221	157 222	157 225	158 225	159 225	156 222	156 223	156 224	159 226	155 222	155 223	159 227	154 223	154 224	153 223	153 224	164 218	164 219	165 219	165 218	166 218	
453 219	452 220	453 220	452 221	453 221	451 222	452 222	450 222	450 223	451 223	452 223	449 224	450 224	451 224	448 225	447 225	447 226	448 226	446 226	446 227	447 227	445 227	446 228	444 227	445 229	443 228	444 229	442 228	442 229	443 229	441 229	441 230	442 230	440 230	440 231	439 231	440 232	438 231	438 232	438 230	439 233	437 231	437 232	437 230	437 233	438 233	437 229	436 231	436 232	436 230	436 233	436 229	436 234	435 231	435 232	435 230	435 233	435 228	435 235	434 231	434 232	434 230	434 228	434 227	434 236	435 236	433 231	433 232	433 230	432 232	432 230	432 233	432 229	431 232	431 233	431 231	431 234	430 232	430 233	430 234	429 233	429 234	429 235	428 233	428 234	427 233	427 234	427 232	454 218	454 219	455 219	455 218	454 220	455 220	454 221	455 221	
457 218	458 219	458 220	459 220	459 218	458 221	459 221	
192 219	
434 219	434 220	434 221	434 222	435 223	
496 219	497 220	497 219	498 221	498 220	498 219	498 222	499 222	499 221	499 219	498 223	499 223	
194 220	
375 220	375 221	
485 220	485 221	485 222	485 223	485 224	486 224	485 225	485 226	
166 222	167 221	167 222	168 222	
393 221	394 222	395 223	395 222	396 223	396 222	397 224	397 223	397 225	398 224	398 223	398 226	399 224	399 226	400 224	401 225	401 224	401 223	402 226	402 225	402 224	403 227	403 226	404 227	404 226	405 227	405 226	406 226	
432 222	431 223	432 223	430 224	431 224	432 224	429 224	429 225	430 225	431 225	428 225	428 226	429 226	430 226	431 226	427 225	427 226	427 227	428 227	429 227	430 227	431 227	426 225	426 226	426 227	426 228	427 228	429 228	430 228	425 225	425 226	425 227	425 228	425 229	428 229	429 229	424 226	433 221	433 222	433 223	433 224	434 225	
438 222	439 221	439 222	440 221	
463 221	
489 221	489 222	
132 222	
275 222	
300 222	301 222	302 223	302 222	
467 222	468 223	468 224	468 225	468 226	468 227	469 227	468 228	469 228	468 229	469 229	468 230	468 231	468 232	468 233	468 234	468 235	468 236	469 236	468 237	468 238	
492 223	491 224	493 222	493 223	494 223	494 222	495 223	495 222	496 222	497 222	
458 223	458 224	459 225	460 226	
488 223	
161 225	160 226	160 227	160 228	160 229	160 230	160 231	160 232	160 233	160 234	160 235	160 236	160 237	159 238	160 238	158 238	158 239	159 239	160 239	157 238	157 239	157 240	158 240	159 240	160 240	156 239	156 240	156 241	157 241	159 241	155 242	156 242	157 242	158 242	159 242	154 242	154 243	155 243	156 243	157 243	158 243	153 243	153 244	154 244	155 244	156 244	152 243	152 244	152 245	154 245	155 245	151 244	151 245	150 244	150 245	149 244	149 245	149 246	148 244	148 245	147 244	147 245	147 246	146 244	146 245	146 243	146 247	145 244	145 243	144 243	162 224	
369 224	
484 224	484 225	484 226	484 227	
188 225	
275 225	276 226	276 227	276 228	276 229	277 229	277 230	277 231	278 231	
436 226	437 225	438 225	439 226	439 225	439 227	
29 226	29 227	
87 227	86 227	85 227	84 228	88 226	88 227	89 226	90 226	91 226	92 226	93 226	94 226	95 226	96 226	97 226	98 227	
299 227	298 227	298 228	299 228	297 228	297 229	296 228	296 229	296 230	295 229	295 230	294 229	294 230	293 230	292 230	291 231	290 231	290 232	291 232	290 230	289 231	291 233	288 231	290 234	300 226	300 227	301 227	301 226	
303 226	303 227	304 227	303 228	304 228	304 229	304 230	305 230	305 231	305 232	306 232	306 233	307 234	
325 226	325 227	
327 226	328 227	328 226	328 228	329 229	
454 226	
482 227	481 228	482 228	480 229	481 229	482 229	479 230	480 230	481 230	478 231	479 231	480 231	477 232	478 232	479 232	476 233	477 233	478 233	475 234	476 234	477 234	474 235	475 235	476 235	473 236	474 236	475 236	472 237	473 237	474 237	471 238	472 238	473 238	470 239	471 239	472 239	470 240	471 240	469 241	470 241	471 241	469 242	470 242	468 243	469 243	467 244	468 244	466 245	467 245	465 246	466 246	464 247	465 247	463 248	464 248	483 226	483 227	483 228	
375 227	375 228	
397 227	
401 227	
418 227	419 228	420 229	420 228	421 230	421 229	421 231	421 232	422 232	422 233	422 234	422 235	423 235	422 236	423 236	423 237	423 238	424 238	424 239	424 240	425 240	424 241	425 241	424 242	425 242	426 242	424 243	425 243	426 243	425 244	426 244	427 244	426 245	427 245	427 246	428 246	428 247	429 247	429 248	430 248	429 249	430 249	431 249	430 250	431 250	432 250	431 251	432 251	433 251	432 252	433 252	434 252	434 253	435 253	435 252	435 254	436 254	436 253	437 254	438 255	438 254	439 255	440 256	440 255	441 256	441 255	442 256	443 257	
456 227	457 228	457 227	457 229	458 229	459 230	460 231	460 230	460 229	461 232	461 231	461 229	462 232	
459 227	
24 229	23 230	24 230	22 230	22 231	21 231	20 231	25 228	25 229	26 229	26 228	25 230	27 228	25 231	28 228	
93 229	94 228	94 229	95 229	95 228	96 229	97 229	98 229	99 229	100 230	100 229	101 230	101 229	102 230	103 230	104 230	105 230	106 230	107 230	107 229	108 229	109 229	110 229	110 228	111 228	
161 228	161 229	161 230	161 231	161 232	161 233	161 234	
169 228	169 229	170 229	170 228	169 230	170 231	171 232	
156 230	155 231	156 231	154 232	155 232	156 232	154 233	155 233	153 234	153 235	152 236	153 236	152 237	151 238	152 238	151 239	150 240	151 240	149 241	150 241	157 229	157 230	157 231	
163 229	163 230	164 230	163 231	164 231	165 231	163 232	164 232	165 232	166 232	166 231	163 233	164 233	165 233	166 233	167 233	167 232	167 231	163 234	166 234	168 231	168 230	163 235	
398 229	
438 229	
451 229	451 230	452 231	
463 229	
58 230	59 230	60 231	60 230	61 232	61 231	61 233	62 233	62 232	62 231	63 233	63 232	64 232	65 232	66 232	67 232	68 232	69 232	70 232	71 232	72 232	73 231	74 231	75 230	76 231	77 230	78 230	
81 230	
89 231	90 230	
193 230	193 231	194 232	194 233	195 232	
489 230	490 231	
53 231	53 232	54 232	53 233	55 233	55 232	53 234	54 234	56 233	56 232	54 235	55 235	57 233	57 232	55 236	58 233	58 232	55 237	56 237	59 233	59 232	55 238	56 238	57 237	57 236	60 234	60 233	55 239	56 239	57 239	58 238	58 237	58 236	60 235	55 240	56 240	57 240	59 236	59 235	60 236	57 241	58 241	57 242	58 242	57 243	58 243	57 244	58 244	58 245	58 246	58 247	58 248	58 249	58 250	58 251	58 252	58 253	59 253	58 254	59 254	58 255	59 256	60 256	
110 231	111 231	
231 231	
238 231	239 232	239 233	239 234	239 235	239 236	240 236	240 237	240 238	240 239	240 240	240 241	
1 232	2 233	2 232	2 234	3 232	4 232	
180 232	
447 232	448 233	448 234	449 234	
491 233	492 232	492 233	493 233	494 233	495 233	496 234	496 233	497 234	497 233	498 235	498 234	498 233	498 232	499 235	499 234	499 233	499 232	
25 234	25 235	26 233	27 233	
29 233	29 234	
173 233	
304 233	305 234	
457 234	456 235	455 236	456 236	454 236	454 237	453 236	453 237	453 238	454 238	452 237	452 238	451 237	451 238	451 239	450 238	450 239	449 238	449 239	449 240	448 239	448 240	448 241	447 240	447 241	447 242	446 240	446 241	446 239	446 242	446 243	447 243	445 242	445 244	446 244	444 241	444 245	445 245	446 245	443 240	444 246	445 246	446 246	442 240	442 239	444 247	446 247	441 239	441 238	444 248	446 248	440 239	440 240	440 238	443 249	439 240	438 240	438 239	437 240	437 241	437 238	436 240	436 241	436 239	435 240	435 241	434 241	433 241	432 242	431 242	431 243	432 243	432 244	458 233	
453 234	454 234	
11 236	11 237	12 235	
26 235	26 236	27 236	27 237	28 237	28 238	29 238	29 239	30 239	30 240	31 240	31 239	31 241	32 241	
91 235	92 235	
184 235	185 235	186 236	186 235	186 237	187 238	
412 235	412 236	412 237	412 238	412 239	412 240	412 241	412 242	413 242	412 243	413 243	412 244	413 244	413 245	414 245	413 246	414 246	413 247	414 247	413 248	414 248	413 249	415 249	415 250	416 250	416 249	416 248	416 251	417 251	417 249	417 248	416 252	418 249	418 248	417 253	417 254	418 254	417 255	418 255	418 256	418 257	418 258	
94 236	95 236	96 237	96 236	97 237	97 236	98 237	99 238	99 237	100 238	101 239	101 238	102 239	103 240	103 239	104 240	105 241	105 240	106 241	106 240	107 241	108 242	109 243	109 242	110 243	111 244	111 243	111 242	
161 236	
237 236	237 237	237 238	238 238	238 239	239 239	238 240	239 240	238 241	239 241	239 242	239 243	
446 236	446 237	446 238	
457 236	458 236	
43 237	43 238	
179 238	178 238	178 239	179 239	177 239	179 240	176 239	176 240	175 240	174 240	174 241	173 240	173 241	174 242	172 241	172 242	171 241	171 242	170 242	170 243	169 242	169 243	169 244	168 242	168 243	168 244	167 242	167 243	167 244	166 244	166 245	165 244	165 246	164 244	164 245	164 246	164 247	163 245	163 246	163 247	162 245	162 246	161 245	180 237	180 238	181 238	181 237	180 239	182 238	182 237	180 240	183 238	183 237	181 241	184 238	184 237	182 241	182 240	185 238	185 237	183 240	
197 237	198 237	
11 239	12 238	
53 239	52 240	53 240	51 240	50 240	49 240	49 241	48 240	48 241	47 240	47 241	46 241	45 241	44 241	43 241	42 241	42 242	41 241	41 242	40 241	40 242	39 242	38 242	37 242	37 243	36 243	35 243	34 243	33 243	33 244	32 243	33 245	32 246	33 246	31 247	32 247	33 247	31 248	30 249	30 250	29 251	54 238	54 239	54 240	
161 238	161 239	161 240	
280 238	
442 238	
455 238	455 239	456 239	456 238	455 240	456 240	456 241	457 241	457 242	
8 240	8 241	8 242	9 239	
26 240	26 241	27 241	26 242	26 243	26 244	27 244	26 245	27 245	26 246	26 247	27 247	26 248	27 248	26 249	27 249	27 250	27 251	27 252	
154 240	
190 240	
444 240	
24 241	24 242	24 243	25 244	
423 241	
441 242	
4 243	
16 243	16 244	17 244	17 245	18 245	18 246	19 246	19 247	20 247	20 248	21 248	21 247	22 249	22 248	23 250	23 249	24 251	24 250	25 252	25 251	26 253	26 252	27 254	27 255	27 256	28 256	28 257	28 258	29 258	29 259	30 259	30 258	30 257	30 260	31 260	31 259	30 261	32 261	33 262	33 261	34 263	34 262	35 264	35 263	36 264	37 265	38 266	38 265	39 266	40 267	40 266	41 268	41 267	42 268	42 267	43 268	44 268	45 268	46 268	47 268	48 268	49 269	49 268	50 269	50 268	51 269	51 268	52 269	53 269	54 269	55 269	56 269	57 269	58 269	59 269	60 269	61 270	61 269	62 270	62 269	63 270	64 270	65 270	66 270	67 270	68 271	68 270	69 271	69 270	70 271	70 270	71 271	72 271	73 271	74 271	75 272	75 271	76 272	77 272	78 273	78 272	78 274	79 273	79 272	79 275	80 274	80 272	80 275	81 274	81 272	82 275	82 276	83 276	83 275	83 274	82 277	83 277	84 277	84 276	84 275	84 274	82 278	83 278	84 278	85 278	82 279	83 279	
122 243	123 244	123 245	123 246	124 246	124 247	124 248	125 248	
238 243	
411 243	
459 243	
184 244	184 245	185 245	185 244	184 246	186 244	
453 244	
2 245	3 245	4 245	
6 245	
34 246	
182 247	181 248	182 248	180 248	180 249	181 249	182 249	179 249	179 250	178 250	178 251	177 251	177 252	176 251	176 252	175 252	174 252	173 252	172 252	171 252	170 252	169 252	169 253	168 252	168 253	167 252	167 253	166 252	166 253	165 252	165 253	164 252	164 253	164 254	163 253	163 254	183 246	183 247	183 248	
188 246	
190 246	
200 246	200 247	200 248	200 249	
231 246	232 247	232 246	233 246	
447 246	
12 248	11 248	11 249	12 249	10 249	10 250	9 250	8 250	8 251	7 251	6 251	6 252	5 252	4 252	4 253	3 252	3 253	3 251	3 254	2 254	2 250	1 250	13 247	13 248	14 248	13 249	
167 247	168 248	168 249	
147 248	
158 249	157 250	159 248	
161 248	
188 248	189 249	
198 249	199 248	
270 249	269 249	269 250	270 250	268 249	268 250	267 249	267 250	267 251	266 249	266 251	265 249	271 248	
276 249	275 250	276 250	274 250	273 250	272 250	271 250	277 248	278 248	279 248	280 248	281 248	282 248	283 248	284 248	285 248	286 248	287 248	288 248	289 249	289 248	289 250	290 250	290 249	290 248	291 250	291 249	291 248	292 250	292 249	292 248	293 249	293 248	294 249	294 248	295 249	295 248	296 249	296 248	297 249	298 249	299 249	299 248	300 249	300 248	301 249	301 248	302 249	302 248	303 249	303 248	304 249	304 248	305 249	305 248	306 249	306 248	307 249	307 248	308 249	308 248	309 249	310 250	310 249	311 250	311 249	312 251	312 250	312 249	313 251	314 252	315 252	316 253	
404 249	405 248	405 249	406 249	406 248	405 250	406 250	406 251	
411 248	411 249	412 249	412 250	412 251	412 252	413 252	
144 249	145 250	145 249	145 251	146 251	146 250	146 252	147 252	147 251	147 250	147 253	148 252	147 254	148 254	149 253	148 255	149 254	150 254	150 253	149 256	151 253	151 252	149 257	150 257	150 256	152 253	152 252	151 257	153 253	153 252	154 253	155 254	155 253	156 254	157 255	157 254	158 256	158 255	159 257	159 256	159 255	160 258	160 257	160 256	161 259	161 258	161 257	162 260	162 259	162 258	162 261	163 261	162 262	163 262	163 263	163 264	163 265	163 266	163 267	164 267	163 268	163 269	164 269	163 270	164 270	165 270	165 269	163 271	165 271	163 272	163 273	164 273	164 274	165 274	165 273	164 275	165 275	166 275	166 274	166 273	166 276	167 276	167 275	167 274	167 272	168 276	168 274	168 272	169 275	169 271	170 271	171 271	172 271	172 270	173 270	174 269	175 268	176 267	
226 249	
467 249	
3 250	
149 250	
258 250	
277 250	278 250	279 250	280 250	281 250	282 250	283 250	284 250	285 250	286 250	287 250	288 250	
333 250	334 250	335 250	336 251	337 251	338 252	338 251	339 252	339 251	340 252	340 251	340 250	341 252	
368 250	369 251	369 250	369 252	370 252	370 253	371 253	372 252	
42 251	
162 251	
180 251	
185 251	
198 251	
262 252	261 252	260 252	259 252	259 253	258 252	258 253	257 253	256 253	255 253	254 253	253 253	252 253	251 253	250 253	249 253	249 254	248 253	248 254	247 253	247 254	246 254	245 254	244 254	244 255	243 254	243 255	242 255	241 255	240 255	240 256	239 255	239 256	238 256	237 256	237 257	236 257	235 257	234 258	233 258	233 259	232 259	263 251	
57 252	57 253	57 254	57 255	57 256	57 257	
334 252	335 253	335 254	336 254	336 255	337 255	337 256	338 256	338 257	338 258	339 259	339 260	339 261	339 262	339 263	
410 253	409 254	410 254	408 255	409 255	407 256	408 256	409 256	407 257	406 258	407 258	406 259	407 259	406 260	411 252	411 253	
474 253	473 253	472 253	471 253	470 253	469 253	468 253	467 253	467 254	466 253	466 254	465 254	464 254	463 254	462 254	461 254	461 255	460 255	459 255	458 255	457 255	456 255	456 256	455 256	454 256	453 256	452 256	452 257	451 257	450 257	449 257	449 258	448 258	447 258	446 258	446 259	445 259	444 259	443 259	442 260	441 260	440 260	439 261	438 261	437 261	436 262	435 262	434 262	434 263	433 263	432 263	431 263	430 263	429 263	428 263	428 264	427 263	427 264	426 263	426 264	425 263	425 264	424 263	424 264	423 263	423 264	422 263	421 263	420 263	419 263	418 263	418 264	417 264	416 264	415 264	414 264	413 264	413 265	412 264	412 265	411 264	411 265	410 265	409 265	408 265	407 265	406 265	405 265	404 265	403 265	403 266	402 265	402 266	401 265	401 266	400 265	400 266	399 266	398 266	397 266	396 266	395 266	394 266	394 267	393 266	393 267	392 267	391 267	390 267	390 268	389 267	389 268	388 267	388 268	388 266	387 267	387 268	387 265	386 267	386 268	386 265	385 268	385 265	384 268	384 265	384 266	383 267	383 265	383 266	382 267	382 266	382 265	381 266	380 266	379 266	378 266	377 266	376 266	376 267	375 266	375 267	374 267	373 267	372 267	372 268	371 268	370 268	369 268	368 268	368 269	367 268	367 269	366 269	365 269	364 269	363 270	362 270	361 270	360 270	360 271	359 270	359 271	358 270	358 271	357 270	357 271	356 270	356 271	355 270	355 271	354 270	354 271	353 270	352 270	351 270	350 269	349 269	349 268	348 269	348 268	347 269	346 269	345 269	344 269	343 269	342 269	341 269	340 269	340 268	339 268	338 268	338 269	337 269	337 270	336 270	335 270	335 271	334 271	333 271	333 272	332 272	331 272	330 272	329 272	328 272	327 272	327 273	326 273	325 273	324 273	323 273	323 272	322 272	322 271	321 272	321 271	321 270	320 270	320 269	319 269	319 268	475 252	475 253	476 253	476 252	477 253	477 252	478 253	478 252	479 253	479 252	480 252	481 252	482 252	483 252	484 252	485 252	486 253	486 252	487 253	487 252	488 253	488 252	489 253	489 252	490 253	490 252	491 252	492 253	493 253	494 253	495 253	496 254	496 253	497 254	497 253	498 255	498 254	498 253	499 255	499 254	499 253	499 252	
210 253	210 254	210 255	210 256	210 257	210 258	210 259	
383 253	383 254	384 254	384 253	383 255	384 255	385 255	385 254	383 256	384 256	385 256	386 256	386 255	386 254	387 254	388 254	
55 255	55 256	55 257	54 258	56 254	56 255	56 256	
171 255	170 256	171 256	172 254	172 255	173 254	172 256	
145 255	146 256	146 255	
193 255	194 256	
379 256	378 256	378 257	379 257	377 256	377 257	377 258	376 256	376 257	376 258	375 256	375 257	374 256	374 257	374 258	373 256	373 257	372 256	372 257	371 257	370 257	369 257	368 257	368 258	368 256	367 257	367 258	366 257	366 258	365 257	365 258	364 257	363 258	380 255	380 256	381 256	381 255	380 257	382 256	382 255	
427 255	427 256	428 255	429 255	
433 256	432 256	434 255	
127 257	128 256	
137 256	137 257	137 258	137 259	138 259	137 260	138 260	138 261	139 261	138 262	139 262	138 263	139 263	139 264	140 264	139 265	140 265	140 266	141 266	140 267	141 267	141 268	142 268	141 269	142 269	143 269	142 270	143 270	143 271	144 271	143 272	144 272	145 272	144 273	145 273	146 273	145 274	146 274	147 274	146 275	147 275	148 275	147 276	148 276	149 276	148 277	149 277	150 277	149 278	150 278	151 278	150 279	151 279	152 279	151 280	152 280	153 280	152 281	153 281	154 281	154 280	153 282	154 282	155 282	155 281	155 283	156 283	156 282	156 284	157 284	157 283	157 282	158 285	158 284	158 283	159 284	159 283	160 285	160 284	161 285	161 284	162 286	162 285	163 286	163 285	164 286	165 287	166 288	
301 256	302 256	
391 256	
224 258	223 259	222 259	221 259	220 260	225 257	225 258	225 259	226 259	
347 257	347 258	347 259	
389 257	
114 258	114 259	115 259	115 258	114 260	115 260	114 261	116 261	
187 259	186 259	185 260	184 260	183 260	183 261	182 261	182 262	181 262	181 263	180 262	180 263	179 263	179 264	178 264	178 265	177 265	176 265	176 266	175 266	188 258	188 259	189 259	189 258	189 260	190 260	190 259	191 261	191 259	192 261	192 259	193 261	193 259	194 262	194 261	195 261	
198 258	
209 258	209 259	209 260	209 261	
300 259	300 260	300 261	300 262	300 263	300 264	300 265	300 266	300 267	300 268	300 269	300 270	301 258	301 259	302 259	301 260	301 261	301 262	301 263	
120 259	120 260	120 261	120 262	120 263	121 263	120 264	121 264	120 265	121 265	122 265	120 266	121 266	123 264	120 267	121 267	122 267	124 264	124 263	120 268	121 268	122 268	125 264	125 263	125 262	120 269	121 269	122 269	123 269	121 270	122 270	123 270	
127 259	
250 259	250 260	250 261	250 262	250 263	250 264	251 264	250 265	251 265	252 265	252 264	252 263	250 266	251 266	253 266	253 262	250 267	251 267	254 263	254 262	250 268	254 264	250 269	250 270	250 271	250 272	250 273	
350 259	
50 260	51 260	52 260	
166 260	
208 260	208 261	208 262	208 263	
216 260	216 261	217 261	217 260	218 260	
252 261	252 262	253 260	253 261	
306 260	
319 260	319 261	319 262	
338 260	
345 261	344 262	345 262	343 263	344 263	345 263	342 263	342 264	343 264	344 264	345 264	346 260	
365 260	
372 260	372 261	
383 260	
11 261	12 262	12 261	13 261	14 262	15 261	16 261	17 262	17 261	17 263	
110 262	109 262	109 263	110 263	108 262	108 263	107 262	107 263	106 263	105 263	104 263	103 263	103 264	102 263	102 264	101 263	101 264	100 263	100 264	99 264	98 264	97 264	97 265	96 264	96 265	95 264	95 265	94 264	94 265	93 264	92 264	91 264	90 264	89 264	88 264	87 264	86 264	85 264	85 265	84 264	84 265	83 264	83 265	82 264	82 265	81 264	81 265	80 264	80 265	79 264	79 265	79 266	78 265	78 266	77 265	77 266	76 265	76 266	75 266	75 267	74 266	74 267	73 267	72 267	72 268	71 267	71 268	70 268	69 268	68 268	67 268	66 268	111 261	111 262	112 262	112 261	111 263	112 263	113 263	113 262	113 261	113 264	114 263	113 265	115 263	114 266	116 263	
188 261	
198 261	
287 262	288 261	288 262	289 262	
123 263	124 262	
156 262	
291 263	290 264	291 264	289 264	289 265	288 264	288 265	287 264	287 265	286 264	286 265	285 264	285 265	285 266	284 265	284 266	283 265	283 266	282 266	281 267	292 262	
338 262	
348 263	347 263	346 263	346 264	349 262	
16 263	
193 263	193 264	194 264	194 265	195 265	
196 263	
206 264	206 265	205 266	206 266	205 267	206 267	204 268	205 268	204 269	205 269	204 270	205 270	203 271	204 271	202 272	203 272	204 272	201 273	202 273	200 274	201 274	199 275	200 275	201 275	198 275	198 276	199 276	200 276	201 276	197 276	197 277	198 277	199 277	200 277	196 277	196 278	197 278	198 278	195 278	195 279	196 279	197 279	194 280	195 280	193 280	193 281	194 281	192 281	192 282	191 281	191 282	190 282	190 283	189 282	189 283	188 283	188 284	187 283	187 284	186 284	186 285	185 285	184 285	184 286	183 286	182 286	182 287	181 287	180 288	179 289	178 289	177 289	176 290	175 290	174 290	173 290	172 290	171 290	170 290	169 290	168 290	167 290	166 290	165 290	164 290	207 263	207 264	207 265	
228 263	229 263	230 263	
318 263	318 264	319 264	319 265	319 266	319 267	320 267	320 268	
293 264	
119 266	119 267	119 268	119 269	119 270	
236 266	
340 267	341 266	341 267	342 266	
31 267	32 267	
225 269	224 269	224 270	223 269	223 270	222 269	222 270	221 270	220 270	219 270	219 271	218 270	218 271	217 270	217 271	216 270	216 271	215 271	214 271	213 271	212 271	212 272	211 272	210 272	209 272	208 272	208 273	207 273	206 273	206 274	205 273	205 274	204 274	203 274	203 275	202 275	226 268	226 269	227 269	227 268	228 269	228 268	229 269	229 268	230 270	230 268	231 270	231 269	231 268	232 270	232 269	232 268	233 270	233 269	233 268	234 270	234 269	234 268	235 270	235 269	236 270	236 269	236 268	237 270	237 269	238 270	238 268	239 270	239 268	240 270	240 268	241 270	241 269	241 268	242 270	242 269	242 268	243 270	243 269	243 268	244 269	244 268	245 269	245 268	246 269	246 268	247 268	
282 268	
29 270	28 270	27 270	26 270	26 271	25 270	25 271	24 270	24 271	23 270	23 271	22 270	22 271	21 270	21 271	20 270	20 271	19 270	19 271	18 271	17 271	17 272	16 271	16 272	15 271	15 272	14 272	13 272	13 273	12 272	12 273	11 272	11 273	10 273	9 273	9 274	8 273	8 274	7 273	7 274	6 273	6 274	5 273	4 273	3 273	3 274	2 273	2 274	1 274	30 269	30 270	31 270	31 269	32 270	32 269	33 270	33 269	34 270	34 269	35 270	35 269	36 270	37 270	38 269	39 269	
190 270	189 270	189 271	190 271	188 271	189 272	190 272	187 271	187 272	186 271	186 272	185 272	185 273	184 272	184 273	183 273	182 273	182 274	181 273	181 274	180 274	179 274	178 274	177 274	176 274	175 275	174 275	174 274	173 275	172 275	171 274	191 269	191 270	192 269	193 269	
266 269	266 270	
159 271	158 271	158 272	157 271	157 272	160 270	160 271	161 271	161 270	161 272	162 272	162 271	162 270	162 273	
249 270	249 271	249 272	
125 271	126 272	126 271	127 272	127 271	128 273	128 272	128 274	129 274	129 273	129 272	130 273	131 273	131 272	
385 271	
191 272	
233 272	234 272	235 272	236 273	237 273	
248 272	248 273	248 274	249 274	248 275	249 275	249 276	
378 273	379 272	379 273	379 274	379 275	379 276	380 276	
356 273	357 274	357 275	358 275	359 276	359 275	
125 275	124 275	124 276	125 276	123 275	123 276	122 275	122 276	121 276	121 277	120 277	126 274	126 275	127 275	127 274	
247 274	247 275	247 276	247 277	
252 274	
276 274	276 275	277 275	277 274	278 275	278 274	279 275	280 276	280 275	281 276	281 275	282 277	282 276	282 278	283 278	283 277	283 276	282 279	284 278	284 277	284 276	285 278	286 278	286 277	287 278	287 277	288 278	289 278	289 277	290 277	291 277	292 277	293 277	293 276	294 276	295 276	296 276	297 276	298 276	298 275	299 276	299 275	300 276	300 275	301 276	301 275	302 275	303 275	304 276	304 275	305 276	305 275	306 275	307 275	307 274	308 275	308 274	309 275	309 274	310 274	311 274	312 274	313 274	314 275	314 274	315 276	315 275	
317 274	
497 275	496 275	496 276	497 276	495 275	495 276	495 277	494 275	494 276	493 276	492 276	491 276	490 276	490 277	489 276	489 277	488 277	487 277	486 277	485 277	484 277	484 278	483 277	483 278	482 277	482 278	481 278	480 278	479 278	478 278	477 278	477 279	476 278	476 279	475 278	475 279	474 279	473 279	472 279	471 279	471 280	470 279	470 280	469 279	469 280	468 280	467 280	466 280	465 280	464 280	464 281	463 280	463 281	462 280	462 281	461 281	460 281	459 281	458 281	457 281	456 281	456 282	455 281	455 282	454 281	454 282	453 282	452 282	451 282	450 282	449 282	448 282	447 282	447 283	446 282	446 283	445 282	445 283	444 282	444 283	443 283	442 283	441 283	440 283	439 283	438 283	437 283	437 284	436 283	436 284	435 283	435 284	434 284	433 284	432 284	431 284	430 284	429 284	429 285	428 284	428 285	427 284	427 285	426 285	425 285	424 285	423 285	422 285	422 286	421 285	421 286	420 286	419 286	418 286	417 286	416 286	416 287	415 286	415 287	414 286	414 287	413 287	412 287	411 287	410 287	409 287	409 288	408 287	408 288	407 287	407 288	406 288	405 288	404 288	403 288	402 288	402 289	401 288	401 289	400 289	399 289	398 289	397 289	396 289	395 289	395 290	394 289	394 290	393 290	392 290	391 290	390 290	389 290	389 291	388 290	388 291	387 290	387 291	386 291	385 291	384 291	383 291	382 291	381 291	380 291	380 292	379 291	379 292	378 291	378 292	377 292	376 292	375 292	374 292	373 292	372 292	372 293	371 292	371 293	370 293	369 293	368 293	367 293	366 293	366 294	365 294	364 294	363 294	362 294	362 295	361 295	360 295	359 295	359 296	358 296	358 297	357 296	357 297	356 297	355 298	354 299	355 299	353 299	353 300	354 300	352 301	353 301	351 301	351 302	352 302	350 302	350 303	350 304	498 274	498 275	499 275	499 274	498 276	499 276	499 277	
118 276	
266 277	265 277	264 278	263 279	262 279	267 276	267 277	268 276	269 276	270 277	270 276	271 276	272 276	273 276	274 276	275 277	275 276	276 277	277 278	278 278	279 278	280 278	281 278	
80 278	79 278	79 279	80 279	78 278	78 279	79 280	77 279	77 280	76 279	76 280	75 279	75 280	74 279	74 280	73 279	73 280	72 279	72 280	71 280	70 280	69 280	68 280	67 280	66 280	65 280	64 280	63 280	62 280	62 281	61 280	61 281	60 280	60 281	59 280	59 281	58 281	57 281	56 281	55 281	54 281	54 282	53 281	53 282	52 282	51 282	50 282	49 282	48 282	47 282	46 282	46 283	45 282	45 283	44 282	44 283	43 282	43 283	42 282	42 283	41 283	40 283	39 283	38 283	37 283	36 283	35 283	34 283	33 283	33 284	32 283	32 284	31 283	31 284	30 284	29 284	28 284	27 284	26 284	26 285	25 284	25 285	24 285	23 285	22 285	22 286	21 286	20 286	19 286	19 287	18 287	17 287	16 287	16 288	15 287	15 288	14 288	13 288	12 288	12 289	11 288	11 289	10 289	9 289	9 290	8 290	7 290	6 290	6 291	5 290	5 291	4 291	3 291	3 292	2 291	2 292	1 291	1 292	81 277	81 278	81 279	
99 277	99 278	100 278	99 279	100 279	100 280	100 281	
164 277	165 277	
232 278	231 279	232 279	233 277	233 278	
90 278	
117 278	
350 279	349 280	349 281	349 282	351 278	
360 278	360 279	360 280	360 281	360 282	
241 280	240 280	240 281	241 281	239 280	239 281	238 280	238 281	237 281	237 282	236 281	236 282	235 281	235 282	234 281	234 282	233 281	233 282	232 281	232 282	231 282	231 283	230 283	229 283	228 284	227 284	226 284	226 285	225 285	224 285	223 285	222 286	221 286	220 286	219 286	219 287	218 287	217 287	216 287	215 287	215 288	214 287	214 288	213 288	213 289	212 288	212 289	211 288	211 289	211 287	210 288	210 289	210 287	209 289	209 287	208 289	208 287	207 289	207 287	206 289	206 287	205 288	205 287	204 288	204 287	203 288	203 287	202 288	201 288	201 289	200 288	200 289	199 288	199 289	198 289	197 289	197 290	196 289	196 290	195 289	195 290	242 279	242 280	243 280	243 279	242 281	243 281	244 281	244 280	245 280	246 280	247 280	248 280	249 280	250 280	251 280	252 280	253 281	253 280	254 281	255 281	256 281	257 281	257 280	258 280	259 280	260 281	260 280	261 281	262 282	263 281	264 280	
269 279	
140 281	139 282	140 282	139 283	138 281	138 284	139 284	141 280	142 280	
267 280	
350 281	
118 282	
86 283	
332 283	
145 284	145 285	
314 284	
314 286	
285 287	
64 289	
92 290	91 290	90 290	89 290	89 291	88 290	88 291	87 291	86 292	85 292	84 292	84 293	83 293	82 293	81 293	80 293	79 293	79 294	78 293	78 294	78 295	79 295	77 292	76 292	76 293	76 291	75 291	75 294	74 291	74 290	74 294	73 291	73 293	72 291	72 292	72 293	71 292	70 292	69 292	68 292	68 293	67 292	67 293	66 293	65 293	65 294	64 293	64 294	63 293	63 294	62 294	61 294	60 294	59 294	58 294	58 293	57 294	93 289	93 290	94 290	94 291	95 291	95 290	96 292	96 290	97 292	97 290	98 290	
324 289	
190 290	
239 290	239 291	240 291	239 292	240 292	241 292	239 293	240 293	241 293	240 294	241 294	242 294	240 295	241 295	242 295	
243 290	
104 291	105 291	106 291	107 291	108 292	109 292	110 292	110 291	111 292	
128 292	127 292	126 292	125 292	124 292	123 292	122 292	122 293	121 292	121 293	120 292	119 293	118 293	117 293	116 293	116 294	115 294	115 292	114 294	114 295	114 292	113 295	113 292	112 295	111 295	111 296	110 296	109 296	108 296	129 291	129 292	130 292	131 292	132 293	132 292	133 293	133 292	134 293	134 292	135 294	136 294	137 295	138 295	139 295	140 295	141 295	142 295	143 295	144 295	145 295	145 294	146 295	146 294	147 294	148 294	149 294	150 294	150 293	151 294	151 293	152 293	153 293	154 293	155 293	156 293	157 293	158 293	159 293	160 293	160 292	161 293	161 292	162 293	162 292	163 292	
323 291	
339 292	338 292	337 292	336 292	335 292	334 292	333 292	332 292	331 293	340 291	340 292	341 292	342 292	343 292	344 292	345 293	
101 293	102 292	
98 294	98 295	97 296	97 297	96 298	95 299	94 299	94 300	93 300	93 301	94 301	92 301	92 299	94 302	91 302	91 300	99 293	
107 294	
341 294	
76 295	
242 297	
1 298	2 299	2 298	3 300	3 299	3 298	3 301	4 301	4 300	4 299	3 302	5 301	5 300	5 299	5 298	6 300	6 299	7 301	7 300	8 301	8 300	9 301	9 300	10 301	11 302	11 301	12 302	12 301	13 302	14 302	15 303	15 302	16 303	16 302	17 303	18 304	18 303	19 304	20 305	20 304	21 305	22 306	22 305	23 306	24 307	24 306	25 308	25 307	26 308	26 307	27 309	27 308	28 309	29 310	29 309	30 310	31 311	31 310	32 311	33 312	33 311	34 312	35 313	35 312	36 313	36 312	37 313	38 314	38 313	39 314	40 315	40 314	41 315	41 314	42 315	43 316	43 315	44 316	44 315	45 317	45 316	45 318	46 318	46 317	46 316	47 318	47 317	47 316	48 318	48 317	48 316	49 318	49 317	49 316	50 318	50 317	50 316	51 317	51 316	52 317	52 316	53 317	53 316	54 317	54 316	55 317	55 316	56 317	56 316	57 317	57 316	58 317	58 316	59 317	59 316	60 317	60 316	61 316	62 316	63 316	64 316	65 316	66 316	67 316	68 316	69 316	70 316	71 316	72 316	73 316	73 315	74 316	74 315	75 316	75 315	76 316	76 315	77 316	78 316	79 316	80 316	81 316	82 316	83 316	84 316	85 316	86 316	87 316	88 316	89 316	90 316	91 316	92 316	93 316	94 316	95 317	95 316	96 317	96 316	97 317	97 316	98 317	98 316	99 317	99 316	100 317	100 316	101 317	101 316	102 317	102 316	103 317	103 316	104 317	104 316	105 317	106 317	107 317	108 317	109 317	110 317	111 317	112 317	113 317	114 317	115 317	116 317	117 317	118 317	119 317	120 317	121 317	122 317	123 317	124 317	125 317	126 317	127 317	128 317	129 317	130 317	131 317	132 317	133 317	134 317	135 317	136 317	137 317	138 317	139 317	140 317	141 317	142 317	143 317	144 317	145 317	146 317	147 317	148 317	149 317	150 317	151 317	152 317	153 317	154 317	155 317	155 316	156 317	156 316	157 317	157 316	158 317	158 316	159 317	159 316	160 317	160 316	161 317	161 316	162 317	162 316	163 317	163 316	164 317	164 316	165 317	165 316	166 317	166 316	167 317	167 316	168 316	169 316	170 316	171 316	172 316	173 316	174 316	175 316	176 316	176 315	177 316	177 315	178 316	178 315	179 316	179 315	180 316	180 315	181 316	181 315	182 316	182 315	183 316	183 315	184 315	185 315	186 315	187 315	188 315	189 315	190 315	191 315	191 314	192 315	192 314	193 315	193 314	194 315	194 314	195 315	195 314	196 314	197 314	198 314	199 314	200 314	201 314	202 314	203 314	203 313	204 314	204 313	205 314	205 313	206 313	207 313	208 313	209 313	210 313	211 313	211 312	212 313	212 312	213 312	214 312	215 312	216 312	217 312	217 311	218 312	218 311	219 312	219 311	220 311	221 311	222 311	223 311	224 311	225 311	226 311	226 310	227 311	227 310	228 311	228 310	229 310	230 310	231 310	232 310	233 310	234 310	234 309	235 310	235 309	236 310	236 309	237 309	238 309	239 309	240 309	241 309	241 308	242 309	242 308	243 309	243 308	244 308	245 308	246 308	247 308	248 308	248 307	249 308	249 307	250 308	250 307	251 307	252 307	253 307	254 307	255 307	256 307	257 307	257 306	258 307	258 306	259 307	259 306	260 306	261 306	262 306	263 306	264 306	265 306	265 305	266 306	266 305	267 306	267 305	268 305	269 305	270 305	271 305	272 305	273 305	274 305	275 305	275 304	276 305	276 304	277 305	277 304	278 305	278 304	279 304	280 304	281 304	282 304	283 304	284 304	285 304	286 304	287 304	288 304	289 304	289 303	290 304	290 303	291 304	291 303	292 304	292 303	293 304	293 303	294 304	294 303	295 304	295 303	296 304	296 303	297 304	297 303	298 304	298 303	299 303	300 303	301 303	302 303	303 303	304 303	305 303	306 303	307 303	308 303	309 304	309 303	310 304	310 303	311 304	311 303	312 304	312 303	313 304	313 303	314 304	315 304	316 304	317 304	318 304	319 304	320 305	320 304	321 305	322 305	323 305	324 305	325 306	325 305	326 306	327 306	328 306	329 306	330 307	330 306	331 307	331 306	332 307	333 307	334 307	335 307	336 308	336 307	337 308	337 307	338 308	338 307	339 308	340 308	341 308	342 308	343 308	344 309	344 308	345 309	345 308	346 309	346 308	347 309	347 308	348 309	349 309	350 309	351 309	352 309	353 309	354 309	355 309	356 309	357 310	357 309	358 310	358 309	359 310	359 309	360 310	360 309	361 310	361 309	362 310	362 309	363 310	363 309	364 310	364 309	365 310	
139 299	138 300	139 300	138 301	140 298	140 299	141 298	
1 301	1 302	2 302	2 301	
127 301	
68 303	
137 303	138 303	
355 307	
1 311	1 312	
23 311	
24 313	25 314	25 315	26 315	26 314	25 316	27 314	28 314	29 315	
32 316	33 316	34 317	35 318	36 318	37 318	38 318	39 318	40 318	41 318	42 318	43 318	44 318	
23 318	22 318	22 319	23 319	21 319	21 320	22 320	20 319	20 320	19 319	19 320	18 320	17 320	16 320	16 321	15 320	15 321	14 320	14 321	13 320	13 321	12 320	12 321	11 320	11 321	10 320	10 321	9 321	8 321	7 321	6 321	5 321	4 321	3 321	3 322	2 321	2 322	1 321	1 322	24 317	24 318	
138 335	
353 335	354 335	355 335	
12 352	12 353	13 352	
142 353	142 354	143 352	143 353	144 353	144 352	143 354	
9 353	9 354	10 354	10 353	
138 355	137 355	137 356	138 356	136 356	136 357	135 356	135 357	134 357	133 357	133 358	132 358	131 358	139 354	139 355	140 354	
283 369	282 369	284 368	284 369	285 369	285 368	286 369	286 368	
9 372	10 373	
92 373	91 374	93 372	
70 374	71 373	72 373	
102 374	103 373	
138 374	139 373	140 373	
176 373	
187 373	187 374	188 373	189 373	
267 374	268 373	
292 374	293 373	293 374	
295 373	296 373	
311 373	
365 374	366 373	367 373	368 373	
377 374	378 373	
381 373	382 373	383 373	
424 374	425 373	426 374	427 373	
477 374	478 373	479 373	
481 373	
6 374	7 374	8 374	
39 374	
142 374	
152 374	
171 374	172 374	173 374	174 374	
245 374	
270 374	
