78.740605
84.975440
80.986678
80.912763
80.515629
80.322131
80.729351
82.170805
82.445523
83.163636
88.394728
81.592314
87.324091
85.044069
85.290077
87.867903
83.429937
82.681066
82.094931
83.338862
87.878888
85.261307
90.561679
82.538079
82.789428
79.678384
81.584592
73.075572
80.255537
104.371668
82.374252
94.150089
89.600117
89.135691
80.562172
85.850212
87.138771
83.950621
83.329371
82.982284
86.818601
84.877781
78.932733
86.470004
81.941125
79.984339
82.612279
80.839040
76.284271
81.623608
80.030476
86.903850
98.687712
96.310114
82.777295
81.516433
80.021818
85.185481
76.920397
77.542909
82.512362
79.158410
92.432439
82.969944
77.351864
84.502781
86.526912
78.974051
78.555669
83.114514
82.481851
82.266211
83.706935
81.465247
84.890993
84.970563
83.356448
82.912630
77.900755
84.042180
93.436219
81.328636
83.937662
82.932166
80.385371
81.580385
82.563497
83.944906
84.095878
78.627417
81.634632
82.943088
82.752214
92.938275
78.176427
84.781350
79.171895
81.941125
88.065108
83.045765
81.953306
87.036075
73.941125
80.178916
84.033300
79.529375
83.550304
86.609973
82.590380
82.245343
84.008442
90.069162
87.138771
82.766843
82.247619
70.352900
83.826744
82.409788
82.192177
84.891649
88.052709
84.760301
84.189434
82.314858
81.785231
85.459690
83.084427
89.687812
81.378260
86.832333
85.638512
83.449076
80.070550
82.849957
79.313708
83.718326
79.170547
81.630841
82.100176
79.996360
83.341653
79.270631
85.713818
80.663004
85.926558
80.263859
85.304080
78.901934
82.970031
82.969944
86.406033
79.942327
83.266996
83.704174
82.484144
82.252276
84.672496
83.121642
82.910872
79.896046
82.527718
84.980648
78.734288
83.734052
82.700709
78.096599
86.284271
85.535254
82.339438
88.404786
85.364054
83.323047
83.506681
81.642947
85.525803
81.194728
86.244069
77.738528
84.970563
72.684455
85.137220
78.806679
77.690159
81.511185
87.493311
83.948556
84.306255
88.221881
82.858682
82.272496
80.989065
80.513035
80.756406
91.647005
80.982524
84.499180
81.444426
78.597596
80.291450
89.259145
81.290771
86.541669
80.574941
83.636459
79.896046
87.175006
81.432746
78.920013
81.032185
85.454400
83.954286
78.703468
86.026620
82.068443
82.743553
81.941125
83.452650
85.560776
82.936444
83.850040
82.190175
82.850769
82.786550
82.806679
85.932394
85.683909
88.180317
78.903681
81.172160
78.237838
89.982982
85.680643
83.252559
81.708190
86.620965
82.614420
84.568953
82.816922
89.541575
85.406950
80.024605
76.264953
80.572788
84.274119
82.938449
80.694372
87.828522
85.310083
86.595916
86.110212
79.673565
82.978011
82.631798
83.964002
84.320150
94.753760
85.112698
89.776776
83.079240
81.915923
85.288477
89.112698
80.667209
80.068448
89.267088
80.757025
86.979543
83.009325
88.061732
80.815090
84.645695
86.150134
80.594132
82.283965
80.306002
85.113605
76.078567
81.992336
93.314236
78.483343
84.140555
81.008432
80.596764
79.105408
89.141306
83.743545
78.843098
82.935238
73.612427
79.577675
88.907086
80.892692
85.042502
83.390319
84.228210
83.146132
88.632953
88.548301
89.318103
86.192092
86.540789
77.179743
87.606696
85.838195
83.852474
79.935827
82.947370
83.317950
78.190272
86.401672
86.888312
89.213579
85.195178
81.127986
82.419366
80.833304
82.329351
85.441820
78.855569
83.081034
83.484617
79.600979
83.167519
80.342117
83.579864
81.276325
80.985923
83.544146
83.910319
81.955398
83.581858
82.953773
81.672446
77.384306
80.615642
83.288354
87.152900
80.566359
87.396833
83.589858
80.261673
86.079777
81.925754
82.781903
81.890043
86.847828
82.705827
82.766257
77.964675
82.392995
78.698485
81.653065
82.764675
79.114949
81.634632
86.741125
84.160948
76.090159
83.998332
86.293187
81.318653
79.932715
82.090228
86.951439
89.583212
80.521802
80.369130
84.941125
81.037387
79.558061
81.251350
85.927761
87.401609
79.775532
83.157182
79.391234
87.083983
82.919255
83.199806
84.398237
86.523710
83.666784
84.283300
78.130345
79.335190
83.655210
82.691690
82.722174
84.347699
79.392460
79.839026
85.017121
82.083052
83.856008
84.029909
88.195035
76.337063
86.233609
86.252952
84.286135
86.597980
83.870775
86.015784
81.642491
83.509473
81.890463
81.723264
78.365387
85.026151
81.351305
81.468960
82.929385
93.900755
81.558259
81.062446
71.921501
83.656077
60.537786
81.957754
80.466230
85.372844
84.430316
78.594195
85.146540
81.885030
84.312867
77.054172
74.434035
86.095568
81.239774
82.789654
83.727501
81.980719
93.656854
83.854859
83.205263
86.011607
82.494567
78.550842
83.584196
86.114931
79.815642
87.167818
81.261512
87.235243
83.839229
86.627417
81.774743
93.941125
87.316879
83.679475
86.312987
82.818431
78.440617
82.261381
80.669861
84.236574
82.503480
81.509764
80.717048
85.502707
83.071203
81.237415
81.425613
84.336027
84.095062
75.753453
80.709021
81.930825
86.225638
81.086877
77.456305
84.193545
80.878788
78.467041
83.211419
81.427298
82.516040
76.160948
82.344733
85.855149
81.358788
77.746201
78.697951
86.772137
80.913131
81.948641
87.633260
79.395671
80.444827
82.226186
84.980719
84.057152
89.852083
83.949536
80.099851
83.035421
83.710061
91.436219
78.794728
102.937758
82.426221
80.671250
84.915690
81.622690
83.009163
91.091930
80.383869
87.706887
83.979575
77.878086
82.219287
85.401023
90.978771
83.536160
80.660487
87.410608
80.172956
85.856541
73.877207
88.562968
84.213262
80.070550
78.322399
84.526572
78.033657
83.078388
87.970812
87.304430
90.062446
80.329051
82.653492
85.712362
86.979484
85.981203
80.712281
81.805698
82.667787
84.417453
93.108906
84.424622
83.893747
80.867661
87.346633
85.007568
71.529369
82.303253
75.672232
84.603164
83.956797
85.152544
84.239602
80.422701
80.550453
87.116239
89.941125
79.563525
90.512900
80.738907
84.110044
82.542110
82.499563
87.004047
81.900993
86.685043
82.527468
83.453468
79.481624
77.948052
81.090256
81.676215
85.983299
84.859504
81.733148
87.300251
77.035259
79.414810
78.534318
84.871625
85.441932
74.848858
84.565875
84.071258
82.459599
85.038665
81.550130
75.024191
88.144353
84.441585
83.573139
82.905949
83.698485
86.895087
79.867293
86.211970
89.257297
87.691223
83.327593
80.947013
82.956661
87.020099
86.077164
90.687378
82.443248
84.341289
86.664097
83.968175
83.455519
83.992893
85.626219
77.241621
82.806914
79.998557
83.672232
81.684791
82.481851
80.627417
88.741799
85.308782
83.498142
82.766694
85.054135
83.956619
80.558451
81.922959
82.604280
88.531538
80.971379
80.509770
86.729627
82.874924
80.529642
81.143623
82.092128
87.664999
87.797610
71.182024
89.394879
86.398436
82.263781
85.689648
81.647014
81.771683
84.041026
79.317372
80.173369
77.723549
89.884271
77.977246
90.242372
86.502749
84.302486
88.379028
85.188286
88.140590
86.747686
84.484819
86.261395
83.403915
80.893060
77.798990
91.771236
81.671277
86.223360
83.242668
86.077554
83.375705
87.284824
83.637962
78.620688
82.361774
89.171316
85.644675
80.856715
83.655411
71.313708
85.065320
85.576450
64.554607
84.775723
82.669308
81.497325
85.417544
89.751611
84.589899
81.461125
85.645078
88.189514
87.317192
82.919732
77.422432
83.412777
80.473571
91.882251
82.089009
80.918923
86.136859
86.828190
79.366424
81.346239
82.248737
79.959044
79.841018
82.840898
89.782571
80.051653
92.791631
85.192656
87.656730
95.906955
89.229790
81.716594
74.252072
84.423256
77.639436
90.086234
84.627586
78.256591
78.619188
87.856623
86.078384
80.632463
82.908724
82.094372
87.869737
84.653853
85.375634
84.415428
82.969351
84.400286
84.051840
81.283466
81.863683
85.991442
82.926187
83.403478
79.630761
77.085593
81.288477
75.750172
76.736141
80.110965
82.390202
85.717775
76.890604
85.418794
77.231253
77.543986
78.352335
90.575440
84.298825
84.706693
80.890159
77.146540
69.066027
74.477163
78.927427
79.915466
84.202164
83.973085
81.014590
86.129148
82.032675
82.512487
83.926523
77.868919
84.955118
76.658618
74.307919
79.744141
74.465076
82.490903
75.614819
77.748918
82.192613
78.546558
78.162909
81.044274
81.598684
83.952549
77.767804
79.754113
86.578554
86.835410
86.425946
83.343508
71.967932
77.245126
72.882309
79.629175
81.777838
81.352447
81.030179
80.535332
80.512391
76.485367
81.510667
77.406540
82.199052
79.778725
75.342314
80.892326
79.501096
84.707613
75.120559
85.123258
81.624741
76.801986
83.331467
82.515731
83.766245
82.188206
76.312697
77.762499
74.870723
82.334734
80.314865
77.722057
79.130672
72.952164
81.642895
82.491378
78.956710
79.353815
77.978993
83.496879
78.712225
83.736771
81.407628
82.257875
80.386292
80.772983
79.667726
80.308981
81.326312
78.612484
77.964806
75.002620
76.460737
79.765764
82.974221
79.215333
80.651954
82.998722
80.051468
76.057190
78.149997
76.652123
80.817535
81.534524
82.576026
85.022523
82.309430
80.837386
84.688489
78.333579
80.860302
80.778941
77.057080
77.498154
83.693427
84.919605
80.863172
80.514917
77.283670
77.321963
80.232495
79.003119
83.347060
77.122615
81.978217
82.250402
82.280456
76.440577
77.219814
78.141141
81.759336
80.971227
83.121059
80.479905
78.473230
81.576044
80.853505
79.913646
84.431915
77.266151
78.805448
73.364993
81.188038
81.250400
81.207542
82.871705
77.595840
81.827050
82.598660
78.155737
79.775408
87.588655
80.395916
81.157089
79.602345
81.474118
82.474166
80.648845
80.257733
80.010838
84.094179
80.350135
82.195377
74.758676
81.332578
76.809599
77.476638
84.588888
77.016950
88.681046
76.786053
80.410105
77.433721
80.323029
82.794319
78.231750
76.738471
79.782823
82.294511
83.274780
81.650584
81.409229
80.722645
86.974363
81.111073
77.614304
74.308151
